2135566429
909955738
5912456647
2095294640
5039513054
1894648528
5811724114
5887168092
5045852646
5721260725
5937090612
5170287587
5561466823
2042111123
391912049
1485043917
5396758263
5031450105
1203096134
5293644604
5003456891
5014845343
864780538
5834701693
1833800159
1295980773
5932555492
5486322456
948031934
5053102098
1052323270
5949373813
391912049
5447127153
112162281
5750989030
5647735711
6265235173
772146777
1324700490
5238483281
5642833476
5645702794
